4205211
4209999
4208955
4207439
4209480
4208954
4204792
4209671
4209595
4203817
4209464
4210831
4210792
4211129
4211066
4210856
4211132
4211130
4211131
4210962
4211067
4210943
4211512
4211892
4211674
4211781
4211833
4211782
4211836
4212094
4212215
4212677
4212677
4213107
4213072
4213327
4213374
4212677
4213327
4211833
4210792
4205211
4212094
4211836
4213107
4211782
4203817
4213374
4207439
4211066
4213072
4205211
4207439
4203817
4213571
4213072
4213107
4213570
4211833
4211066
4213577
4211836
4210792
4213327
4213374
4212094
4213570
4214167
4213571
4213327
4205211
4214167
4207439
4203817
4213374
4210792
4213570
4213571
4213072
